100
15  20  9
 5  22   7
13  10   1
15   3   4
13   1   8
 4  21   0
11  17   2
13  18   4
11   2   8
 2  13   4
12   2   5
 8   6   8
 6  16   1
14   7   7
 4  24  10
 1  17   3
13  21  10
 7  15   6
 9   3   9
 7  10   7
 4  13   8
 1   5   3
10   5   2
10  17  10
 5  10   4
 8  14   8
14   9   1
 2  15   3
 6   6   6
14   7   0
 4   5   4
 9   6   8
 9  20   0
 4   3   5
 5  21   1
 5  16   6
 1   9   7
 5  14   1
10  14   2
10   5   6
 3   4   9
10   9   5
 2  11   1
10  12   8
 2  10   2
10  11   4
 8  18  10
 6  24   4
14   9   0
 8  17   7
 8  20   2
11   9   6
 4   4   9
13   3   1
 1   6  10
 6   1   7
 8  24   8
 4   5   2
 9   3   5
15   9   7
 3  17   3
13  13  10
11   2   0
 5   4   7
 7  12   0
 1  21   1
 4   7   7
 4  16   7
 3  17   0
10  22   2
14   7   2
 8   4   1
 6   9   7
 2  21   4
14  11  10
15   9   5
 9   6   4
 8   2   5
12  17   9
 7   6   4
 3  15   6
 5  16   8
10   3   4
 1  21   3
 8  24   0
14  10   8
13  19   8
11  21   3
 3  14   5
 6   1   6
13  13  10
12  22   3
 5   8   8
13   3   6
 3  22  10
 6  21   4
11  21   9
10  22   1
13   2   0
10  15   0