1000
86  48  67  
92   89  45  
87   87  35  
71   41  69  
52   67  46  
96  108   0  
27   31  20  
33   25  40  
14   78   7  
22   43  32  
74   27  43  
15   10  28  
15   13   8  
11   16  29  
87   18  51  
82   82  20  
95  120  61  
39   99  28  
16   85  23  
73   69  27  
20   36  22  
24   74  66  
58  110  28  
79   47  60  
48   60  51  
99  104  46  
26    8  14  
16   76  68  
10  105   0  
89    2  72  
98  104  30  
22   45  71  
10   33  11  
70   67  10  
86   28  29  
91   58  15  
23  104   4  
80   61  31  
 6   79  57  
95   61  23  
74   93   7  
33   26  38  
 5   18  50  
82  109  53  
34   93  42  
70  118  55  
80   64   3  
39   85  16  
87   49  70  
18   57  51  
14   92  10  
69   34  40  
96  120  16  
52   49  58  
30  106  46  
46   48  65  
69   99  40  
71   17  22  
98   64   5  
78  114  18  
38   43  11  
53  102  58  
11  106  67  
73   27  50  
42   59  22  
34   14  44  
93  107  22  
65   77  47  
82   70   8  
 22   53  52  
 38   52  25  
 91   37  46  
  9   29  34  
 39  100   3  
 61   34  73  
100   99  42  
 73   58  37  
 20   20  29  
  3    2  17  
 27   68  25  
 64   77  34  
 78   76  47  
 98   12  51  
 51  102  70  
 61   25  37  
 10   57  60  
 93   31  53  
 92   19  34  
 43   68  30  
 77   14  69  
 65   11  29  
 29   91  22  
 19   29  31  
 98   98  36  
 82   42  35  
 30   57  65  
 30   13  25  
 43   12  56  
 42  120  25  
  1   46  49  
 41   61   4  
 62  103  57  
 10   73  21  
  5   39  19  
  3   56   2  
 66  114  26  
 33   10   9  
 31   27  21  
 79  119  11  
 72   16  49  
 86   30  45  
 80   85  16  
 63   47   1  
 20   57   6  
 12   68  23  
 39   99  51  
 97   78  69  
 13   24  11  
 74   61  74  
 77   98  75  
 51   13  31  
 47   74  64  
 69   87   5  
 32  110  20  
 57    3  74  
 64   38  19  
 77   59  67  
 30   78  53  
 70   86  39  
 16   40  75  
 67  120  69  
  8   91  15  
  4   83  46  
 50   19  52  
 38   36  40  
  5   95  22  
  6  119  64  
 99   38  47  
 25   46  67  
  2  96   60  
 63  112  56  
  6  104  31  
 63   86  64  
 23   78  34  
 37   42  12  
 67   60  44  
 53   34   0  
 41  101   5  
 42   69  75  
 32   38  27  
 29   58  48  
 32  113  32  
 94   54   9  
  1   84  69  
  2  116   8  
 53   23  51  
 21  108  63  
 75   19  37  
 63   75  55  
 57   53  31  
 68   90  53  
 73   62   2  
 75  105  44  
 12    1  20  
  5   67   7  
 62   17  14  
 26   75  44  
  3   75   2  
  6   15  12  
 58   11  71  
 53   41  48  
 79   14   6  
 35  118  27  
 87   27  72  
  1   80  17  
  2    2  48  
 75    2   3  
 57   25  36  
 57   50  68  
 25    3  37  
 22   63  63  
 64   71   5  
 80  113   1  
  8   34   8  
 69   45  42  
 41  105  30  
 47   38  56  
  4   45  54  
 44   64  18  
 23   56  72  
  7  119  21  
 88   60  53  
 63  108  31  
 88   44  53  
 11   81  35  
 36   74  73  
100   90  17  
 64    1  60  
 98  120  17  
 96    8  42  
 60  114  50  
 79   19  67  
 90   71  29  
 58   73  40  
 25   65  17  
  9   47  67  
 28   32  74  
 51  110  25  
 75  117  52  
81   55   63  
 22  103  34  
 72   60  68  
  6   14  21  
 18   91  54  
 91  117  29  
 14  119  11  
 77  106  26  
  5   29  29  
 55   83  30  
 18   17  29  
 46   75  48  
 84   94  22  
100   63   1  
 25   81   5  
 57   32  72  
 78   56  57  
 70   20  56  
 26  112  75  
 67   17  12  
 28   56  61  
 77    9  26  
 93   86  53  
 77  100   9  
 94  116  73  
 63  120  72  
 54    2  74  
 99   37  21  
  5   81  56  
 93  101  13  
 35   37  55  
 21   18   0  
 16   64  17  
 47  106  73  
 75   74  73  
 14   15  26  
 51   50  17  
 73   92  27  
 59   65  39  
 20   45   3  
 61   73  44  
 75    4   6  
 12  102  56  
 25   63  43  
 31   98  41  
 37   99  39  
 97   56  61  
 48   90  72  
 10   28  44  
 14  112  54  
 48   98  59  
 42  103  15  
 64   65   4  
 66   72   4  
 64   92  14  
 29  102  74  
 50    8  49  
 58  112  40  
 12   44  54  
 62   22  58  
  3   79   8  
 12   33  65  
 42   30  51  
 30  115  19  
 87   97  25  
 98   50  11  
 40    8   3  
 97   53  67  
 38   96  12  
51  78   62  
97  33    6  
43   31  20  
24   13  29  
15   85  75  
40   36  31  
50   37  22  
51   70   0  
21   84  43  
 8  119  33  
83  114  62  
42   59  29  
15   42  38  
25    4  72  
73   36   7  
49   80  56  
60   44  43  
56   62  65  
43   17  22  
20   98  12  
 8   90  52  
69   97  28  
82   47  71  
50    3  30  
41   71  74  
69   44  48  
85    1  67  
48   35  64  
 3   16  58  
40   60  39  
 8   28  70  
55   26  49  
61  119  39  
16   46  43  
54   31  27  
31   94  69  
53  110  11  
86    5  29  
42  112  62  
57   90  62  
46  103  56  
40   12  65  
27  118  33  
80   38  34  
40    9  35  
20   45   9  
54   72  11  
90  117  34  
61   43  66  
72    8  39  
57   63   3  
73   53  56  
11   90  25  
63  118  58  
 3   69  36  
65   62  22  
 5  111   9  
 6   54   7  
23   64  26  
 3   43  62  
52   90  33  
78   45  37  
57   60  12  
85   42  63  
79   61  32  
38   13  70  
63   48  33  
13   85   2  
 5   50   1  
49    19   8  
70    73  19  
 5   112  18  
 22   83   5  
 90   56  49  
 30   90  20  
 10   86   4  
  8   96  35  
 55  112  41  
 91   60  66  
  9    2  34  
 11   23   8  
 23   14  18  
 42   31   3  
 52  103  26  
 63   60  32  
 34   65  29  
 35   17  75  
 60   25  29  
 75   56  67  
 57    6  40  
 75  107  12  
 77   10  14  
 93   33  52  
 11   74  42  
 79   91  18  
 36   52  15  
 77   75  14  
 16   48  62  
 60  110  40  
 17  115   0  
 69   24  70  
 43    7  22  
 32   26  29  
 79   16  68  
 15  118   3  
 38   90  10  
 43   81  34  
 62   57  17  
 63   12  75  
 16   94  56  
 42    6  18  
 69   43  43  
 98   41  72  
 73   13  13  
 84   35  66  
 99   39  39  
  5   75   6  
 10   74  72  
 81   28  22  
100   56  31  
 48   13  36  
 46   32  25  
 20   20  29  
 53  110   6  
 45   80  66  
 68   54  13  
 79   22  10  
 95   80  23  
 72   27  68  
 56   99  25  
 87   41  73  
 70  102  67  
 99   92  63  
 50   78   2  
 32   63  40  
  6   29  47  
 30  111  32  
 17   39  15  
93   115  44  
98    89  37  
 2    95  34  
13    28  56  
 28   56  39  
 20  101  69  
 49  107  15  
 22   42  13  
  2  110  42  
 48   62  28  
 28   95  56  
 77   26  51  
 37   44  20  
 72   95  44  
 88   96  27  
 30  114  73  
 94   76  39  
100    9  51  
 41  117   0  
 12   22  23  
 70   62  30  
 71  109  10  
 73   92  30  
 72   17  63  
 50   25  19  
  5   14  66  
 66   40  71  
 80   37  27  
 36   93  50  
 85   23  66  
  4   25  22  
 74   15  31  
 66  104  67  
 55   73  65  
 23   25  48  
 29   20   3  
 20   24  26  
 83   92  13  
  9   46  75  
 66   34  57  
 66   45   6  
 70  107   5  
 67   18  17  
 81   54  38  
 31   21  20  
 75   52   0  
 40   30  56  
 31  106  21  
 84   74  32  
 36   19  31  
  5    3  66  
 60   29  28  
 27   93  20  
  6  115   4  
 15    2  75  
 15   83  70  
 81   43  55  
 84   51   7  
 40   93  59  
 84   69  13  
100   29  55  
 84   26  30  
 89   84  51  
 86   59  39  
 92   22  55  
 61   37  56  
 16   58  52  
 43   25   9  
 87   56  67  
31  103  61  
10   33  35  
67   91  37  
83  120  31  
49    3  64  
81   77  29  
61   10  22  
 5   29  60  
12    5  70  
55   22  53  
49   90  10  
79   70  11  
47   96  63  
58   76  47  
60   66  13  
70   37  24  
66    7  39  
85   83  15  
38   24  29  
98  119  21  
83  116   2  
82   79  16  
85  105  37  
84   81  17  
89   25  63  
69   57  52  
31   51  24  
84   11   1  
51   67  48  
68   75  61  
51   17  70  
39   97  19  
79   60  73  
93  107  12  
19   12  67  
 3  117   3  
22  102  51  
44   59  44  
97   83  25  
91    8   7  
41   99  15  
73   42  55  
 8   24   7  
97   61  46  
58    6  54  
60   71  25  
39   51  54  
95   73   7  
 4   38  55  
67  113  35  
38  106   8  
28   15  47  
72  113  18  
41   19  53  
63   16  19  
60   78  21  
90   95  55  
 2  119  67  
98   49  23  
 1   41  18  
89   65  20  
92   59  31  
97   63  37  
73   39  31  
17   64  40  
82    3  52  
91    6  45  
86   97   2  
70    1  75  
82   50  38  
10   15  60  
55   68   1  
31  108  47  
76   79  47  
93   50   0  
 5   35  25  
87   98  54  
60   50  39  
83   70  34  
68   61  17  
66  106  68  
39   72  38  
46   27   0  
79   58   4  
 4  116   0  
38   47  68  
32   96  25  
77   16  25  
24   69   7  
99   61  35  
48   83   7  
62   51   9  
50   34  12  
86   57  64  
50  101  38  
26   88  56  
47   64  47  
 3   15  49  
52  104  63  
46   98  65  
11  105  63  
 7   48  12  
18   47   7  
10   40  55  
83   89  35  
65   45  73  
29   39  44  
79   63  33  
51    8  65  
33   86  31  
56   75  72  
97   75  74  
24   60  67  
62   16  41  
55   28   7  
95  116   7  
54   88  58  
17   17   9  
17   57   0  
19   17  64  
 9   72  24  
94  107  63  
11   32  40  
34   60  62  
53   86  71  
72   21  49  
78  103  40  
 6   73  12  
95   12  15  
43    5  20  
82   14  48  
19  111  21  
55   46  67  
30  105   9  
28   91   9  
47   60  11  
82   68  35  
13  119  58  
83   75   5  
25  107  17  
 5   17   19  
39   54   55  
44   97   58  
74   23   23  
65   93   24  
62   66    3  
 29   75  38  
 66   25   8  
 93   21  51  
 40   28  11  
 52   65  26  
 59  117   0  
 54   56  56  
 98   73   3  
 57   28  61  
 18   55  67  
 83   47  23  
 54  110  30  
 53   50  74  
 53   66  25  
 90   68  69  
 91   75  10  
 96   56  63  
  6  120   2  
100   44  68  
 78   10  62  
 71   10  55  
 72    3  20  
 40   84  17  
 77   72  43  
 88   82  30  
 10   16  39  
 56   27  51  
 44   97  38  
 30  115  66  
 74   99  62  
 69  113   9  
 15   12  25  
  7   74   3  
 41  118  24  
 44  111  19  
 71   22  19  
 38   18   4  
 44   95   8  
 56    2   0  
 80   18  57  
 77   34  51  
 82   94  39  
 82   19  36  
 13   25  71  
 91   75  20  
  1   71  64  
 10   95  30  
 22  120  48  
 84   32   4  
  1    7  70  
 23   42   4  
 39   56  30  
 26   95  57  
 64  109  25  
 46  115  10  
  5   63  18  
 30   52  64  
 99   13  13  
 88   84  72  
 71   74  41  
 98   12  38  
 37  114   0  
 78   41  25  
 58  103  16  
 11   28   5  
100   31   6  
 24  118  55  
 49   53  52  
 61   28  59  
 86   70  19  
 54  110  51  
  8   59  74  
100   54  39  
 13   51  26  
 72   73  33  
 82  113  30  
 64   46  23  
 12    8  47  
 40   53  72  
 45   27  18  
 18   85  27  
 53   63   6  
 23  107  73  
 19   36   8  
 35   82  58  
 94    3  12  
 47  103  54  
 78   17  17  
 44   43  55  
  6   46  21  
 37   46  13  
 23   95  32  
 93   50  42  
 85   72  13  
  7   50  75  
 93   99  26  
 67    8  12  
 28   84  27  
 98   36   1  
 96   11  54  
 13   99  15  
  2   12  13  
 58   86  44  
  9   28  65  
 58   18   6  
 96  115  30  
 22   29   3  
 71   31  14  
 79   38  63  
 50   27  69  
 13  113  54  
  2   59  71  
 59   92  75  
 38  103  68  
 46  116  30  
 65   10  46  
 70   53   2  
 42    1  70  
 69   73  48  
 24    3  59  
 65   24  31  
 35   10  58  
 71   28  36  
 22    3  16  
 12   16  70  
 28   48  45  
 79  110  63  
100   16  14  
 51  106  39  
 84   34  41  
 92   88   9  
 73   94  22  
 80  115  22  
100  65   48  
 27  93   13  
 92  54   41  
 98  69   74  
 31  19   39  
 44  56   11  
 49  98   10  
42    93  62  
12   100  61  
27    21  61  
11    73  23  
 5    50  61  
99    68  69  
74   120  47  
74    80   2  
34    24  67  
14    13   3  
95    26  12  
41    64  22  
29    68  38  
36    3  20
29   107  56  
42    15  74  
87   119  68  
24    55  59  
51    10  35  
55    88   8  
81    16  73  
53    68  66  
31   100  10  
63    10  73  
23    51  17  
84    54  54  
20    21  63  
82    92  73  
45    14  44  
69    10  32  
78    76  66  
83    99  36  
12    2  49
42   111  71  
42   112  57  
16    96   2  
81    50  17  
41    71  34  
87   113  27  
10   106  44  
19    24  66  
70    31  61  
86   106  36  
21    91  67  
17    88  67  
49   117  21  
19    29  62  
15    5  21
50   109  31  
52    65  52  
15   116  58  
38    39  28  
93    51  36  
98   120  12  
71    25  40  
31    45  25  
78    1  44
46    98  17  
33    19  21  
36   113  45  
95    76  54  
 2    49   5  
30   20   2  
61   11  10  
50   90  58  
34  118  74  
58   73  61  
76    6  26  
58   51  12  
 2  117  47  
82    3  11  
94   27  74  
44   29   5  
 7   49  17  
57    8  49  
18   33  52  
 7  101  24  
26  104  72  
82   36  61  
91   61  14  
91   21  31  
64   65  10  
38   47  44  
76    5   9  
35   66  53  
45   45  61  
40   21  75  
60  117  25  
65  103  37  
54  102  20  
82  106  13  
20   96  26  
77   51  23  
77   73  40  
41   63  15  
48   97  25  
57   98  41  
44  117  32  
 6   18  44  
37   73  48  
56   31  34  
81  113  46  
77   71  73  
26   99  49  
35   17  26  
31  100  46  
 7   43  43  
19   39  49  
73   73  67  
57   81  48  
73   90  13  
48   90  64  
32   38   6  
83  115  38  
 2  113  22  
94  101  44  
39   56  52  
 2   68  50  
44   90  66  
70  115  31  
71    6  48  
27   94  44  
76   66  14  
75  102  12  
34   58  29  
94   79  55  
66   53  57  
83  109  49  
89   81   7  
 1  118  60  
 1   48  58  
70   39   5  
13   30  51  
15  117  32  
81   95  16  
82   27  31  
46   70  43  
 8   14  54  
27   51   5  
75   96  42  
79   48  12  
 3   40  70  
26  120  54  
25   22  17  
81   99  41  
 1   47  33  
29   34   8  
18   18  57  
79   77  58  
72   63  52  
55   81  65  
75   57  23  
17   17  16  
93   38  30  
88   77  74  
12    1  48  
46   29   2  
53   44  52  
 6   28  75  
95   76  42  
93   87  20  
87   66  19  
54  100  46  
68   31  49  
16   88  12  
85   88  18  
61  104  70  
29   42  32  
 5   58  35  
42   52   6  
53   31  54  
69   67  57  
88   29  13  
69   41  16  
80   70  72  
50   96  28  
67   57  48  
21   77   1  
14  116  65  
97   63  55  
42   81  72  
64   39  21  
90   58  48  
54   96  31  
75  105  62  
55   15  24  
44   98  28  
83   46  70  
49   21  19  
55  115   0  
80   45  56  
76   83  55  
68   84   1  
87   94  66  
29   84  33  
14   16  43  
47  101  65  
88    6  34  
56   44  47  
56   89   4  
67   55  35  
 1   74  12  
 6   74   1  
70   68   4  
55   41  32  
77   54  45  
28   17  67  
68  113  33  
75  100   9  
36   51  32  
32   80   6  
29   49  63  
62  113  70  
20   57  29  
20   34  55  
 9   77  26  
56   77  48  
86   44  31  
79  109  63  
57   96  37  
38  104  19  
60  103   4  
44   22   6  
48   33   2  
78   56  41  
17  115  17  
59   63   5  
76   63   0  
43  109  58  