1 118 60 
1 84 69 
1 80 17 
1 74 12 
1 71 64 
1 48 58 
1 47 33 
1 46 49 
1 41 18 
1 7 70 
2 119 67 
2 117 47 
2 116 8 
2 113 22 
2 110 42 
2 96 60 
2 95 34 
2 68 50 
2 59 71 
2 49 5 
2 12 13 
2 2 48 
3 117 3 
3 79 8 
3 75 2 
3 69 36 
3 56 2 
3 43 62 
3 40 70 
3 16 58 
3 15 49 
3 2 17 
4 116 0 
4 83 46 
4 45 54 
4 38 55 
4 25 22 
5 112 18 
5 111 9 
5 95 22 
5 81 56 
5 75 6 
5 67 7 
5 63 18 
5 58 35 
5 50 1 
5 50 61 
5 39 19 
5 35 25 
5 29 29 
5 29 60 
5 18 50 
5 17 19 
5 14 66 
5 3 66 
6 120 2 
6 119 64 
6 115 4 
6 104 31 
6 79 57 
6 74 1 
6 73 12 
6 54 7 
6 46 21 
6 29 47 
6 28 75 
6 18 44 
6 15 12 
6 14 21 
7 119 21 
7 101 24 
7 74 3 
7 50 75 
7 49 17 
7 48 12 
7 43 43 
8 119 33 
8 96 35 
8 91 15 
8 90 52 
8 59 74 
8 34 8 
8 28 70 
8 24 7 
8 14 54 
9 77 26 
9 72 24 
9 47 67 
9 46 75 
9 29 34 
9 28 65 
9 2 34 
10 106 44 
10 105 0 
10 95 30 
10 86 4 
10 74 72 
10 73 21 
10 57 60 
10 40 55 
10 33 11 
10 33 35 
10 28 44 
10 16 39 
10 15 60 
11 106 67 
11 105 63 
11 90 25 
11 81 35 
11 74 42 
11 73 23 
11 32 40 
11 28 5 
11 23 8 
11 16 29 
12 102 56 
12 100 61 
12 68 23 
12 44 54 
12 33 65 
12 22 23 
12 16 70 
12 8 47 
12 5 70 
12 2 49 
12 1 20 
12 1 48 
13 119 58 
13 113 54 
13 99 15 
13 85 2 
13 51 26 
13 30 51 
13 28 56 
13 25 71 
13 24 11 
14 119 11 
14 116 65 
14 112 54 
14 92 10 
14 78 7 
14 16 43 
14 15 26 
14 13 3 
15 118 3 
15 117 32 
15 116 58 
15 85 75 
15 83 70 
15 42 38 
15 13 8 
15 12 25 
15 10 28 
15 5 21 
15 2 75 
16 96 2 
16 94 56 
16 88 12 
16 85 23 
16 76 68 
16 64 17 
16 58 52 
16 48 62 
16 46 43 
16 40 75 
17 115 0 
17 115 17 
17 88 67 
17 64 40 
17 57 0 
17 39 15 
17 17 9 
17 17 16 
18 91 54 
18 85 27 
18 57 51 
18 55 67 
18 47 7 
18 33 52 
18 18 57 
18 17 29 
19 111 21 
19 39 49 
19 36 8 
19 29 31 
19 29 62 
19 24 66 
19 17 64 
19 12 67 
20 101 69 
20 98 12 
20 96 26 
20 57 6 
20 57 29 
20 45 3 
20 45 9 
20 36 22 
20 34 55 
20 24 26 
20 21 63 
20 20 29 
20 20 29 
21 108 63 
21 91 67 
21 84 43 
21 77 1 
21 18 0 
22 120 48 
22 103 34 
22 102 51 
22 83 5 
22 63 63 
22 53 52 
22 45 71 
22 43 32 
22 42 13 
22 29 3 
22 3 16 
23 107 73 
23 104 4 
23 95 32 
23 78 34 
23 64 26 
23 56 72 
23 51 17 
23 42 4 
23 25 48 
23 14 18 
24 118 55 
24 74 66 
24 69 7 
24 60 67 
24 55 59 
24 13 29 
24 3 59 
25 107 17 
25 81 5 
25 65 17 
25 63 43 
25 46 67 
25 22 17 
25 4 72 
25 3 37 
26 120 54 
26 112 75 
26 104 72 
26 99 49 
26 95 57 
26 88 56 
26 75 44 
26 8 14 
27 118 33 
27 94 44 
27 93 13 
27 93 20 
27 68 25 
27 51 5 
27 31 20 
27 21 61 
28 95 56 
28 91 9 
28 84 27 
28 56 39 
28 56 61 
28 48 45 
28 32 74 
28 17 67 
28 15 47 
29 107 56 
29 102 74 
29 91 22 
29 84 33 
29 75 38 
29 68 38 
29 58 48 
29 49 63 
29 42 32 
29 39 44 
29 34 8 
29 20 3 
30 115 19 
30 115 66 
30 114 73 
30 111 32 
30 106 46 
30 105 9 
30 90 20 
30 78 53 
30 57 65 
30 52 64 
30 20 2 
30 13 25 
31 108 47 
31 106 21 
31 103 61 
31 100 10 
31 100 46 
31 98 41 
31 94 69 
31 51 24 
31 45 25 
31 27 21 
31 21 20 
31 19 39 
32 113 32 
32 110 20 
32 96 25 
32 80 6 
32 63 40 
32 38 6 
32 38 27 
32 26 29 
33 86 31 
33 26 38 
33 25 40 
33 19 21 
33 10 9 
34 118 74 
34 93 42 
34 65 29 
34 60 62 
34 58 29 
34 24 67 
34 14 44 
35 118 27 
35 82 58 
35 66 53 
35 37 55 
35 17 26 
35 17 75 
35 10 58 
36 113 45 
36 93 50 
36 74 73 
36 52 15 
36 51 32 
36 19 31 
36 3 20 
37 114 0 
37 99 39 
37 73 48 
37 46 13 
37 44 20 
37 42 12 
38 106 8 
38 104 19 
38 103 68 
38 96 12 
38 90 10 
38 52 25 
38 47 44 
38 47 68 
38 43 11 
38 39 28 
38 36 40 
38 24 29 
38 18 4 
38 13 70 
39 100 3 
39 99 28 
39 99 51 
39 97 19 
39 85 16 
39 72 38 
39 56 30 
39 56 52 
39 54 55 
39 51 54 
40 93 59 
40 84 17 
40 60 39 
40 53 72 
40 36 31 
40 30 56 
40 28 11 
40 21 75 
40 12 65 
40 9 35 
40 8 3 
41 118 24 
41 117 0 
41 105 30 
41 101 5 
41 99 15 
41 71 34 
41 71 74 
41 64 22 
41 63 15 
41 61 4 
41 19 53 
42 120 25 
42 112 57 
42 112 62 
42 111 71 
42 103 15 
42 93 62 
42 81 72 
42 69 75 
42 59 22 
42 59 29 
42 52 6 
42 31 3 
42 30 51 
42 15 74 
42 6 18 
42 1 70 
43 109 58 
43 81 34 
43 68 30 
43 31 20 
43 25 9 
43 17 22 
43 12 56 
43 7 22 
43 5 20 
44 117 32 
44 111 19 
44 98 28 
44 97 38 
44 97 58 
44 95 8 
44 90 66 
44 64 18 
44 59 44 
44 56 11 
44 43 55 
44 29 5 
44 22 6 
45 80 66 
45 45 61 
45 27 18 
45 14 44 
46 116 30 
46 115 10 
46 103 56 
46 98 17 
46 98 65 
46 75 48 
46 70 43 
46 48 65 
46 32 25 
46 29 2 
46 27 0 
47 106 73 
47 103 54 
47 101 65 
47 96 63 
47 74 64 
47 64 47 
47 60 11 
47 38 56 
48 98 59 
48 97 25 
48 90 64 
48 90 72 
48 83 7 
48 62 28 
48 60 51 
48 35 64 
48 33 2 
48 13 36 
49 117 21 
49 107 15 
49 98 10 
49 90 10 
49 80 56 
49 53 52 
49 21 19 
49 19 8 
49 3 64 
50 109 31 
50 101 38 
50 96 28 
50 90 58 
50 78 2 
50 37 22 
50 34 12 
50 27 69 
50 25 19 
50 19 52 
50 8 49 
50 3 30 
51 110 25 
51 106 39 
51 102 70 
51 78 62 
51 70 0 
51 67 48 
51 50 17 
51 17 70 
51 13 31 
51 10 35 
51 8 65 
52 104 63 
52 103 26 
52 90 33 
52 67 46 
52 65 26 
52 65 52 
52 49 58 
53 110 6 
53 110 11 
53 102 58 
53 86 71 
53 68 66 
53 66 25 
53 63 6 
53 50 74 
53 44 52 
53 41 48 
53 34 0 
53 31 54 
53 23 51 
54 110 30 
54 110 51 
54 102 20 
54 100 46 
54 96 31 
54 88 58 
54 72 11 
54 56 56 
54 31 27 
54 2 74 
55 115 0 
55 112 41 
55 88 8 
55 83 30 
55 81 65 
55 73 65 
55 68 1 
55 46 67 
55 41 32 
55 28 7 
55 26 49 
55 22 53 
55 15 24 
56 99 25 
56 89 4 
56 77 48 
56 75 72 
56 62 65 
56 44 47 
56 31 34 
56 27 51 
56 2 0 
57 98 41 
57 96 37 
57 90 62 
57 81 48 
57 63 3 
57 60 12 
57 53 31 
57 50 68 
57 32 72 
57 28 61 
57 25 36 
57 8 49 
57 6 40 
57 3 74 
58 112 40 
58 110 28 
58 103 16 
58 86 44 
58 76 47 
58 73 40 
58 73 61 
58 51 12 
58 18 6 
58 11 71 
58 6 54 
59 117 0 
59 92 75 
59 65 39 
59 63 5 
60 117 25 
60 114 50 
60 110 40 
60 103 4 
60 78 21 
60 71 25 
60 66 13 
60 50 39 
60 44 43 
60 29 28 
60 25 29 
61 119 39 
61 104 70 
61 73 44 
61 43 66 
61 37 56 
61 34 73 
61 28 59 
61 25 37 
61 11 10 
61 10 22 
62 113 70 
62 103 57 
62 66 3 
62 57 17 
62 51 9 
62 22 58 
62 17 14 
62 16 41 
63 120 72 
63 118 58 
63 112 56 
63 108 31 
63 86 64 
63 75 55 
63 60 32 
63 48 33 
63 47 1 
63 16 19 
63 12 75 
63 10 73 
64 109 25 
64 92 14 
64 77 34 
64 71 5 
64 65 4 
64 65 10 
64 46 23 
64 39 21 
64 38 19 
64 1 60 
65 103 37 
65 93 24 
65 77 47 
65 62 22 
65 45 73 
65 24 31 
65 11 29 
65 10 46 
66 114 26 
66 106 68 
66 104 67 
66 72 4 
66 53 57 
66 45 6 
66 40 71 
66 34 57 
66 25 8 
66 7 39 
67 120 69 
67 113 35 
67 91 37 
67 60 44 
67 57 48 
67 55 35 
67 18 17 
67 17 12 
67 8 12 
68 113 33 
68 90 53 
68 84 1 
68 75 61 
68 61 17 
68 54 13 
68 31 49 
69 113 9 
69 99 40 
69 97 28 
69 87 5 
69 73 48 
69 67 57 
69 57 52 
69 45 42 
69 44 48 
69 43 43 
69 41 16 
69 34 40 
69 24 70 
69 10 32 
70 118 55 
70 115 31 
70 107 5 
70 102 67 
70 86 39 
70 73 19 
70 68 4 
70 67 10 
70 62 30 
70 53 2 
70 39 5 
70 37 24 
70 31 61 
70 20 56 
70 1 75 
71 109 10 
71 74 41 
71 41 69 
71 31 14 
71 28 36 
71 25 40 
71 22 19 
71 17 22 
71 10 55 
71 6 48 
72 113 18 
72 95 44 
72 73 33 
72 63 52 
72 60 68 
72 27 68 
72 21 49 
72 17 63 
72 16 49 
72 8 39 
72 3 20 
73 94 22 
73 92 27 
73 92 30 
73 90 13 
73 73 67 
73 69 27 
73 62 2 
73 58 37 
73 53 56 
73 42 55 
73 39 31 
73 36 7 
73 27 50 
73 13 13 
74 120 47 
74 99 62 
74 93 7 
74 80 2 
74 61 74 
74 27 43 
74 23 23 
74 15 31 
75 117 52 
75 107 12 
75 105 44 
75 105 62 
75 102 12 
75 100 9 
75 96 42 
75 74 73 
75 57 23 
75 56 67 
75 52 0 
75 19 37 
75 4 6 
75 2 3 
76 83 55 
76 79 47 
76 66 14 
76 63 0 
76 6 26 
76 5 9 
77 106 26 
77 100 9 
77 98 75 
77 75 14 
77 73 40 
77 72 43 
77 71 73 
77 59 67 
77 54 45 
77 51 23 
77 34 51 
77 26 51 
77 16 25 
77 14 69 
77 10 14 
77 9 26 
78 114 18 
78 103 40 
78 76 47 
78 76 66 
78 56 41 
78 56 57 
78 45 37 
78 41 25 
78 17 17 
78 10 62 
78 1 44 
79 119 11 
79 110 63 
79 109 63 
79 91 18 
79 77 58 
79 70 11 
79 63 33 
79 61 32 
79 60 73 
79 58 4 
79 48 12 
79 47 60 
79 38 63 
79 22 10 
79 19 67 
79 16 68 
79 14 6 
80 115 22 
80 113 1 
80 85 16 
80 70 72 
80 64 3 
80 61 31 
80 45 56 
80 38 34 
80 37 27 
80 18 57 
81 113 46 
81 99 41 
81 95 16 
81 77 29 
81 55 63 
81 54 38 
81 50 17 
81 43 55 
81 28 22 
81 16 73 
82 113 30 
82 109 53 
82 106 13 
82 94 39 
82 92 73 
82 82 20 
82 79 16 
82 70 8 
82 68 35 
82 50 38 
82 47 71 
82 42 35 
82 36 61 
82 27 31 
82 19 36 
82 14 48 
82 3 11 
82 3 52 
83 120 31 
83 116 2 
83 115 38 
83 114 62 
83 109 49 
83 99 36 
83 92 13 
83 89 35 
83 75 5 
83 70 34 
83 47 23 
83 46 70 
84 94 22 
84 81 17 
84 74 32 
84 69 13 
84 54 54 
84 51 7 
84 35 66 
84 34 41 
84 32 4 
84 26 30 
84 11 1 
85 105 37 
85 88 18 
85 83 15 
85 72 13 
85 42 63 
85 23 66 
85 1 67 
86 106 36 
86 97 2 
86 70 19 
86 59 39 
86 57 64 
86 48 67 
86 44 31 
86 30 45 
86 28 29 
86 5 29 
87 119 68 
87 113 27 
87 98 54 
87 97 25 
87 94 66 
87 87 35 
87 66 19 
87 56 67 
87 49 70 
87 41 73 
87 27 72 
87 18 51 
88 96 27 
88 84 72 
88 82 30 
88 77 74 
88 60 53 
88 44 53 
88 29 13 
88 6 34 
89 84 51 
89 81 7 
89 65 20 
89 25 63 
89 2 72 
90 117 34 
90 95 55 
90 71 29 
90 68 69 
90 58 48 
90 56 49 
91 117 29 
91 75 10 
91 75 20 
91 61 14 
91 60 66 
91 58 15 
91 37 46 
91 21 31 
91 8 7 
91 6 45 
92 89 45 
92 88 9 
92 59 31 
92 54 41 
92 22 55 
92 19 34 
93 115 44 
93 107 12 
93 107 22 
93 101 13 
93 99 26 
93 87 20 
93 86 53 
93 51 36 
93 50 0 
93 50 42 
93 38 30 
93 33 52 
93 31 53 
93 21 51 
94 116 73 
94 107 63 
94 101 44 
94 79 55 
94 76 39 
94 54 9 
94 27 74 
94 3 12 
95 120 61 
95 116 7 
95 80 23 
95 76 42 
95 76 54 
95 73 7 
95 61 23 
95 26 12 
95 12 15 
96 120 16 
96 115 30 
96 108 0 
96 56 63 
96 11 54 
96 8 42 
97 83 25 
97 78 69 
97 75 74 
97 63 37 
97 63 55 
97 61 46 
97 56 61 
97 53 67 
97 33 6 
98 120 12 
98 120 17 
98 119 21 
98 104 30 
98 98 36 
98 89 37 
98 73 3 
98 69 74 
98 64 5 
98 50 11 
98 49 23 
98 41 72 
98 36 1 
98 12 38 
98 12 51 
99 104 46 
99 92 63 
99 68 69 
99 61 35 
99 39 39 
99 38 47 
99 37 21 
99 13 13 
100 99 42 
100 90 17 
100 65 48 
100 63 1 
100 56 31 
100 54 39 
100 44 68 
100 31 6 
100 29 55 
100 16 14 
100 9 51 
